          16
                    79
                             146
                                      147
                                               149
                                                        190
                                                                 193
                                                                          206
                                                                                   207
                                                                                            228
                                                                                                     229
                                                                                                              230
                                                                                                                       231
                                                                                                                                294

                                                                                                                                :q

